844 394 1069 394 844 163 1069 163 large_nut 0
472 1065 709 1065 472 837 709 837 large_nut 0
926 1012 966 949 874 978 913 916 short_machine_screw 0
280 868 285 789 218 864 223 785 short_machine_screw 0
635 591 608 458 590 601 562 467 machine_screw 0
739 498 821 607 776 471 857 579 machine_screw 0
588 314 761 314 588 149 761 149 nut 0
98 544 277 544 98 385 277 385 nut 0
343 694 436 694 343 606 436 606 nut 0
376 274 473 274 376 182 473 182 nut 0
