687 405 844 405 687 226 844 226 nut 0
1540 514 1772 514 1540 292 1772 292 large_nut 0
903 1229 1117 1229 903 995 1117 995 large_nut 0
1419 1055 1591 1055 1419 884 1591 884 nut 0
803 847 895 847 803 761 895 761 nut 0
1196 735 1293 735 1196 652 1293 652 nut 0
626 744 673 683 577 707 625 646 short_machine_screw 0
865 583 901 514 810 554 846 486 short_machine_screw 0
1052 169 1006 297 1096 185 1050 313 machine_screw 0
1309 363 1224 467 1346 393 1260 497 machine_screw 0
