288 319 515 319 288 93 515 93 large_nut 0
1173 336 1400 336 1173 123 1400 123 large_nut 0
1392 738 1561 738 1392 566 1561 566 nut 0
952 488 1048 488 952 393 1048 393 nut 0
555 1150 731 1150 555 982 731 982 nut 0
598 852 696 852 598 755 696 755 nut 0
721 310 659 432 764 331 702 454 machine_screw 0
771 674 840 674 771 602 840 602 short_machine_screw 0
904 645 965 598 866 595 926 548 short_machine_screw 0
955 1049 918 917 912 1061 875 929 machine_screw 0
