632 624 862 624 632 407 862 407 large_nut 0
926 598 1154 598 926 368 1154 368 large_nut 0
441 706 610 706 441 528 610 528 nut 0
862 944 1026 944 862 777 1026 777 nut 0
1047 1250 1148 1250 1047 1154 1148 1154 nut 0
1636 705 1728 705 1636 612 1728 612 nut 0
1409 793 1483 786 1403 731 1477 723 short_machine_screw 0
767 1130 760 1043 707 1136 699 1048 short_machine_screw 0
1315 1040 1206 950 1280 1082 1172 991 machine_screw 0
1487 545 1576 433 1449 515 1538 403 machine_screw 0
