548 1383 779 1383 548 1153 779 1153 large_nut 0
1348 407 1577 407 1348 168 1577 168 large_nut 0
372 803 545 803 372 647 545 647 nut 0
815 322 981 322 815 150 981 150 nut 0
866 626 962 626 866 536 962 536 nut 0
779 894 870 894 779 802 870 802 nut 0
965 1058 942 983 907 1075 885 1000 short_machine_screw 0
1086 1250 1097 1177 1024 1241 1036 1167 short_machine_screw 0
1176 730 1221 603 1132 714 1178 587 machine_screw 0
721 332 648 446 760 357 688 471 machine_screw 0
