1487 750 1708 750 1487 529 1708 529 large_nut 0
963 856 668 216 860 903 565 263 long_lag_screw 0
991 89 1232 263 1051 6 1291 180 black_oxide_screw 0
1029 482 876 1421 1152 503 1000 1441 lag_wood_screw 0
834 299 1756 490 857 184 1780 375 lag_wood_screw 0
359 1335 334 620 226 1339 201 624 long_lag_screw 0
828 1106 723 808 725 1142 620 844 black_oxide_screw 0
1549 1299 1639 1024 1445 1265 1536 990 shiny_screw 0
1157 1430 1426 1308 1113 1334 1383 1212 shiny_screw 0
1157 1228 1327 1228 1157 1044 1327 1044 nut 0
445 1208 616 1208 445 1025 616 1025 nut 0
463 938 563 938 463 843 563 843 nut 0
1464 858 1563 858 1464 763 1563 763 nut 0
259 505 485 505 259 257 485 257 large_nut 0
