1466 1161 1684 1161 1466 933 1684 933 large_nut 0
319 393 552 393 319 153 552 153 large_nut 0
204 660 378 660 204 486 378 486 nut 0
363 995 540 995 363 831 540 831 nut 0
514 543 601 543 514 455 601 455 nut 0
814 831 907 831 814 745 907 745 nut 0
690 603 729 673 749 570 788 640 short_machine_screw 0
739 1138 798 1193 781 1094 839 1149 short_machine_screw 0
600 898 730 941 614 855 744 898 machine_screw 0
1371 512 1257 441 1346 553 1232 482 machine_screw 0
