1280 639 1509 639 1280 419 1509 419 large_nut 0
1125 1132 1358 1132 1125 908 1358 908 large_nut 0
666 1356 843 1356 666 1182 843 1182 nut 0
561 702 733 702 561 532 733 532 nut 0
1030 539 1124 539 1030 448 1124 448 nut 0
386 799 477 799 386 709 477 709 nut 0
855 997 804 942 810 1039 759 984 short_machine_screw 0
946 778 945 700 885 779 884 701 short_machine_screw 0
568 1021 602 893 524 1009 558 881 machine_screw 0
907 408 784 354 889 451 765 396 machine_screw 0
