111 733 344 733 111 517 344 517 large_nut 0
588 974 804 974 588 752 804 752 large_nut 0
705 427 876 427 705 252 876 252 nut 0
192 1040 363 1040 192 874 363 874 nut 0
355 479 452 479 355 388 452 388 nut 0
1048 1223 1144 1223 1048 1127 1144 1127 nut 0
1130 783 1163 710 1071 755 1104 683 short_machine_screw 0
982 362 1032 420 1027 322 1078 381 short_machine_screw 0
543 571 662 482 513 531 631 441 machine_screw 0
622 1312 664 1173 575 1298 617 1158 machine_screw 0
