893 566 1119 566 893 344 1119 344 large_nut 0
276 1042 497 1042 276 815 497 815 large_nut 0
693 976 867 976 693 810 867 810 nut 0
343 498 508 498 343 325 508 325 nut 0
796 1201 887 1201 796 1108 887 1108 nut 0
1147 1205 1244 1205 1147 1115 1244 1115 nut 0
1221 877 1242 801 1162 860 1183 785 short_machine_screw 0
636 824 651 750 575 812 589 738 short_machine_screw 0
603 1177 632 1041 557 1167 586 1032 machine_screw 0
620 441 743 381 600 401 723 340 machine_screw 0
