1751 883 1642 308 1646 903 1537 328 wood_screw 0
565 578 1454 912 602 480 1491 814 lag_wood_screw 0
840 127 1495 386 882 20 1538 279 long_lag_screw 0
651 878 745 607 558 846 652 574 shiny_screw 0
1130 1110 1058 889 1063 1132 991 911 short_wood_screw 0
667 1254 712 957 570 1239 616 942 black_oxide_screw 0
1145 1421 1225 1209 1023 1375 1102 1163 bolt 0
1167 551 1183 415 1122 546 1138 410 machine_screw 0
1229 364 1136 262 1194 396 1101 295 machine_screw 0
1239 361 1168 380 1255 419 1183 438 short_machine_screw 0
1269 390 1200 428 1300 445 1231 483 short_machine_screw 0
750 349 969 349 750 122 969 122 large_nut 0
1114 1095 1327 1095 1114 865 1327 865 large_nut 0
1281 600 1449 600 1281 430 1449 430 nut 0
1170 562 1260 562 1170 474 1260 474 nut 0
1057 533 1140 533 1057 440 1140 440 nut 0
648 957 811 957 648 790 811 790 nut 0
593 988 651 988 593 925 651 925 nut 0
