1019 581 1236 581 1019 353 1236 353 large_nut 0
1232 777 1455 777 1232 561 1455 561 large_nut 0
822 446 997 446 822 273 997 273 nut 0
906 924 1076 924 906 750 1076 750 nut 0
1573 1312 1663 1312 1573 1221 1663 1221 nut 0
779 1222 868 1222 779 1128 868 1128 nut 0
671 870 725 816 627 826 681 772 short_machine_screw 0
1338 1138 1392 1200 1383 1098 1438 1160 short_machine_screw 0
1088 1233 1084 1095 1041 1235 1037 1097 machine_screw 0
1585 1044 1721 1033 1581 998 1717 987 machine_screw 0
