732 320 942 320 732 88 942 88 large_nut 0
440 709 667 709 440 505 667 505 large_nut 0
389 990 558 990 389 818 558 818 nut 0
1214 831 1382 831 1214 661 1382 661 nut 0
1040 673 1135 673 1040 584 1135 584 nut 0
1248 447 1339 447 1248 353 1339 353 nut 0
1077 489 1132 363 1034 470 1089 344 machine_screw 0
805 640 941 637 804 593 940 590 machine_screw 0
962 1069 986 998 904 1049 928 979 short_machine_screw 0
767 939 695 902 738 994 666 957 short_machine_screw 0
