744 562 973 562 744 353 973 353 large_nut 0
470 1182 631 1182 470 1019 631 1019 nut 0
813 245 906 245 813 154 906 154 nut 0
1158 1009 1219 1009 1158 942 1219 942 nut 0
1688 640 1753 640 1688 580 1753 580 nut 0
952 685 1653 671 949 569 1650 554 long_lag_screw 0
1683 1288 816 895 1636 1392 769 999 lag_wood_screw 0
688 898 979 1405 776 848 1066 1355 wood_screw 0
944 861 862 861 944 922 862 922 short_machine_screw 0
404 509 540 506 403 463 539 460 machine_screw 0
627 491 627 784 720 491 720 784 shiny_screw 0
1404 299 1211 516 1476 363 1283 580 shiny_screw 0
1122 913 1250 721 1064 874 1191 683 short_wood_screw 0
1704 1046 1527 808 1622 1108 1444 870 black_oxide_screw 0
464 730 306 983 553 786 395 1038 black_oxide_screw 0
750 470 762 240 609 463 621 233 bolt 0
1531 443 1303 468 1546 577 1318 602 bolt 0
